-10.000  0.0000E+00  0.0000E+00
-9.933  0.0000E+00  0.0000E+00
-9.867  0.0000E+00  0.0000E+00
-9.800  0.0000E+00  0.0000E+00
-9.733  0.0000E+00  0.0000E+00
-9.667  0.0000E+00  0.0000E+00
-9.600  0.0000E+00  0.0000E+00
-9.533  0.0000E+00  0.0000E+00
-9.467  0.0000E+00  0.0000E+00
-9.400  0.0000E+00  0.0000E+00
-9.333  0.0000E+00  0.0000E+00
-9.267  0.0000E+00  0.0000E+00
-9.200  0.0000E+00  0.0000E+00
-9.133  0.0000E+00  0.0000E+00
-9.067  0.0000E+00  0.0000E+00
-9.000  0.0000E+00  0.0000E+00
-8.933  0.0000E+00  0.0000E+00
-8.867  0.0000E+00  0.0000E+00
-8.800  0.0000E+00  0.0000E+00
-8.733  0.0000E+00  0.0000E+00
-8.667  0.0000E+00  0.0000E+00
-8.600  0.0000E+00  0.0000E+00
-8.533  0.0000E+00  0.0000E+00
-8.467  0.0000E+00  0.0000E+00
-8.400  0.0000E+00  0.0000E+00
-8.333  0.0000E+00  0.0000E+00
-8.267  0.0000E+00  0.0000E+00
-8.200  0.0000E+00  0.0000E+00
-8.133  0.0000E+00  0.0000E+00
-8.067  0.0000E+00  0.0000E+00
-8.000  0.0000E+00  0.0000E+00
-7.933  0.0000E+00  0.0000E+00
-7.867  0.0000E+00  0.0000E+00
-7.800  0.0000E+00  0.0000E+00
-7.733  0.0000E+00  0.0000E+00
-7.667  0.0000E+00  0.0000E+00
-7.600  0.0000E+00  0.0000E+00
-7.533  0.0000E+00  0.0000E+00
-7.467  0.0000E+00  0.0000E+00
-7.400  0.0000E+00  0.0000E+00
-7.333  0.0000E+00  0.0000E+00
-7.267  0.0000E+00  0.0000E+00
-7.200  0.0000E+00  0.0000E+00
-7.133  0.0000E+00  0.0000E+00
-7.067  0.0000E+00  0.0000E+00
-7.000  0.0000E+00  0.0000E+00
-6.933  0.0000E+00  0.0000E+00
-6.867  0.0000E+00  0.0000E+00
-6.800  0.0000E+00  0.0000E+00
-6.733  0.0000E+00  0.0000E+00
-6.667  0.0000E+00  0.0000E+00
-6.600  0.8590E-06  0.5727E-07
-6.533  0.1113E-01  0.7422E-03
-6.467  0.8070E-01  0.6122E-02
-6.400  0.1699E+00  0.1745E-01
-6.333  0.1224E+00  0.2561E-01
-6.267  0.2108E+00  0.3966E-01
-6.200  0.4203E+00  0.6767E-01
-6.133  0.9213E-01  0.7382E-01
-6.067  0.1904E+00  0.8651E-01
-6.000  0.5234E+00  0.1214E+00
-5.933  0.4269E+00  0.1499E+00
-5.867  0.1795E+00  0.1618E+00
-5.800  0.3877E+00  0.1877E+00
-5.733  0.6138E+00  0.2286E+00
-5.667  0.1221E+00  0.2367E+00
-5.600  0.7113E+00  0.2842E+00
-5.533  0.4419E+00  0.3136E+00
-5.467  0.5990E+00  0.3536E+00
-5.400  0.6607E+00  0.3976E+00
-5.333  0.3238E+00  0.4192E+00
-5.267  0.4054E+00  0.4462E+00
-5.200  0.8784E+00  0.5048E+00
-5.133  0.7751E+00  0.5564E+00
-5.067  0.4574E+00  0.5869E+00
-5.000  0.1252E+01  0.6704E+00
-4.933  0.3849E-01  0.6730E+00
-4.867  0.6341E+00  0.7152E+00
-4.800  0.1262E+01  0.7994E+00
-4.733  0.9694E+00  0.8640E+00
-4.667  0.6906E+00  0.9100E+00
-4.600  0.1271E+01  0.9948E+00
-4.533  0.1125E+00  0.1002E+01
-4.467  0.1288E+01  0.1088E+01
-4.400  0.1670E+01  0.1199E+01
-4.333  0.9621E+00  0.1264E+01
-4.267  0.1531E+01  0.1366E+01
-4.200  0.1550E+01  0.1469E+01
-4.133  0.2086E+01  0.1608E+01
-4.067  0.4192E+01  0.1888E+01
-4.000  0.3359E+01  0.2111E+01
-3.933  0.2686E+01  0.2291E+01
-3.867  0.3040E+01  0.2493E+01
-3.800  0.2901E+01  0.2687E+01
-3.733  0.3457E+01  0.2917E+01
-3.667  0.4436E+01  0.3213E+01
-3.600  0.2561E+01  0.3384E+01
-3.533  0.3850E+01  0.3640E+01
-3.467  0.3099E+01  0.3847E+01
-3.400  0.3978E+01  0.4112E+01
-3.333  0.4960E+01  0.4443E+01
-3.267  0.4953E+01  0.4773E+01
-3.200  0.4360E+01  0.5064E+01
-3.133  0.4293E+01  0.5350E+01
-3.067  0.4608E+01  0.5657E+01
-3.000  0.5428E+01  0.6019E+01
-2.933  0.3270E+01  0.6237E+01
-2.867  0.4216E+01  0.6518E+01
-2.800  0.4499E+01  0.6818E+01
-2.733  0.2660E+01  0.6995E+01
-2.667  0.3052E+01  0.7199E+01
-2.600  0.1718E+01  0.7313E+01
-2.533  0.2618E+01  0.7488E+01
-2.467  0.7313E+00  0.7536E+01
-2.400  0.1387E+01  0.7629E+01
-2.333  0.1263E+01  0.7713E+01
-2.267  0.1115E+01  0.7787E+01
-2.200  0.1055E+01  0.7858E+01
-2.133  0.6252E-01  0.7862E+01
-2.067  0.1022E+01  0.7930E+01
-2.000  0.3932E+00  0.7956E+01
-1.933  0.3255E+00  0.7978E+01
-1.867  0.2176E+00  0.7993E+01
-1.800  0.1123E+00  0.8000E+01
-1.733  0.5019E-07  0.8000E+01
-1.667  0.0000E+00  0.8000E+01
-1.600  0.0000E+00  0.8000E+01
-1.533  0.0000E+00  0.8000E+01
-1.467  0.0000E+00  0.8000E+01
-1.400  0.0000E+00  0.8000E+01
-1.333  0.0000E+00  0.8000E+01
-1.267  0.0000E+00  0.8000E+01
-1.200  0.0000E+00  0.8000E+01
-1.133  0.0000E+00  0.8000E+01
-1.067  0.0000E+00  0.8000E+01
-1.000  0.0000E+00  0.8000E+01
-0.933  0.0000E+00  0.8000E+01
-0.867  0.0000E+00  0.8000E+01
-0.800  0.0000E+00  0.8000E+01
-0.733  0.0000E+00  0.8000E+01
-0.667  0.0000E+00  0.8000E+01
-0.600  0.0000E+00  0.8000E+01
-0.533  0.0000E+00  0.8000E+01
-0.467  0.0000E+00  0.8000E+01
-0.400  0.0000E+00  0.8000E+01
-0.333  0.0000E+00  0.8000E+01
-0.267  0.0000E+00  0.8000E+01
-0.200  0.0000E+00  0.8000E+01
-0.133  0.0000E+00  0.8000E+01
-0.067  0.3595E-06  0.8000E+01
0.000  0.1612E+00  0.8011E+01
0.067  0.1666E+00  0.8022E+01
0.133  0.2322E+00  0.8037E+01
0.200  0.2047E+00  0.8051E+01
0.267  0.9174E+00  0.8112E+01
0.333  0.3936E+00  0.8138E+01
0.400  0.5564E-03  0.8138E+01
0.467  0.3433E+00  0.8161E+01
0.533  0.1291E+01  0.8247E+01
0.600  0.9742E+00  0.8312E+01
0.667  0.9643E+00  0.8377E+01
0.733  0.8006E-01  0.8382E+01
0.800  0.7003E+00  0.8429E+01
0.867  0.1620E+01  0.8537E+01
0.933  0.9255E+00  0.8598E+01
1.000  0.2202E+01  0.8745E+01
1.067  0.7297E+00  0.8794E+01
1.133  0.1047E+01  0.8864E+01
1.200  0.1493E+01  0.8963E+01
1.267  0.1704E+01  0.9077E+01
1.333  0.3291E+01  0.9296E+01
1.400  0.1610E+01  0.9403E+01
1.467  0.2107E+01  0.9544E+01
1.533  0.2734E+01  0.9726E+01
1.600  0.2534E+01  0.9895E+01
1.667  0.4022E+01  0.1016E+02
1.733  0.2335E+01  0.1032E+02
1.800  0.3119E+01  0.1053E+02
1.867  0.2604E+01  0.1070E+02
1.933  0.3428E+01  0.1093E+02
2.000  0.3504E+01  0.1116E+02
2.067  0.2812E+01  0.1135E+02
2.133  0.2432E+01  0.1151E+02
2.200  0.5386E+01  0.1187E+02
2.267  0.3293E+01  0.1209E+02
2.333  0.4052E+01  0.1236E+02
2.400  0.2918E+01  0.1256E+02
2.467  0.3063E+01  0.1276E+02
2.533  0.4080E+01  0.1303E+02
2.600  0.3775E+01  0.1328E+02
2.667  0.3095E+01  0.1349E+02
2.733  0.1556E+01  0.1359E+02
2.800  0.2836E+01  0.1378E+02
2.867  0.1661E+01  0.1389E+02
2.933  0.3329E+01  0.1412E+02
3.000  0.1895E+01  0.1424E+02
3.067  0.1670E+01  0.1435E+02
3.133  0.2757E+01  0.1454E+02
3.200  0.3548E+01  0.1477E+02
3.267  0.3825E+01  0.1503E+02
3.333  0.7072E+01  0.1550E+02
3.400  0.1322E+02  0.1638E+02
3.467  0.2429E+02  0.1800E+02
3.533  0.1252E+02  0.1883E+02
3.600  0.1132E+02  0.1959E+02
3.667  0.9738E+01  0.2024E+02
3.733  0.9065E+01  0.2084E+02
3.800  0.9457E+01  0.2147E+02
3.867  0.7003E+01  0.2194E+02
3.933  0.1034E+02  0.2263E+02
4.000  0.8615E+01  0.2320E+02
4.067  0.9587E+01  0.2384E+02
4.133  0.8317E+01  0.2440E+02
4.200  0.5480E+01  0.2476E+02
4.267  0.8318E+01  0.2532E+02
4.333  0.6163E+01  0.2573E+02
4.400  0.5251E+01  0.2608E+02
4.467  0.5813E+01  0.2647E+02
4.533  0.4313E+01  0.2675E+02
4.600  0.5205E+01  0.2710E+02
4.667  0.4897E+01  0.2743E+02
4.733  0.3382E+01  0.2765E+02
4.800  0.5033E+01  0.2799E+02
4.867  0.9575E+00  0.2805E+02
4.933  0.2016E+01  0.2819E+02
5.000  0.3829E+01  0.2844E+02
5.067  0.4317E+01  0.2873E+02
5.133  0.2589E+01  0.2890E+02
5.200  0.3256E+01  0.2912E+02
5.267  0.1661E+01  0.2923E+02
5.333  0.2706E+01  0.2941E+02
5.400  0.3653E+01  0.2965E+02
5.467  0.3087E+01  0.2986E+02
5.533  0.1469E+01  0.2996E+02
5.600  0.1097E+01  0.3003E+02
5.667  0.7695E+00  0.3008E+02
5.733  0.2949E+01  0.3028E+02
5.800  0.2312E+01  0.3043E+02
5.867  0.1409E+01  0.3053E+02
5.933  0.2272E+01  0.3068E+02
6.000  0.1232E+01  0.3076E+02
6.067  0.1195E+01  0.3084E+02
6.133  0.1511E+01  0.3094E+02
6.200  0.1708E+01  0.3105E+02
6.267  0.1868E+01  0.3118E+02
6.333  0.1510E+01  0.3128E+02
6.400  0.9398E+00  0.3134E+02
6.467  0.1492E+01  0.3144E+02
6.533  0.6741E+00  0.3149E+02
6.600  0.1574E+01  0.3159E+02
6.667  0.6822E+00  0.3164E+02
6.733  0.9324E+00  0.3170E+02
6.800  0.9171E+00  0.3176E+02
6.867  0.8871E+00  0.3182E+02
6.933  0.7679E+00  0.3187E+02
7.000  0.1706E+01  0.3198E+02
7.067  0.6230E+00  0.3203E+02
7.133  0.1175E+01  0.3210E+02
7.200  0.1144E+01  0.3218E+02
7.267  0.5399E+00  0.3222E+02
7.333  0.1204E+01  0.3230E+02
7.400  0.9299E+00  0.3236E+02
7.467  0.9037E+00  0.3242E+02
7.533  0.9070E+00  0.3248E+02
7.600  0.2965E+01  0.3268E+02
7.667  0.1388E+01  0.3277E+02
7.733  0.1544E+01  0.3287E+02
7.800  0.2060E+01  0.3301E+02
7.867  0.2369E+01  0.3317E+02
7.933  0.1837E+01  0.3329E+02
8.000  0.1196E+01  0.3337E+02
8.067  0.4692E+00  0.3340E+02
8.133  0.1020E+01  0.3347E+02
8.200  0.2701E+01  0.3365E+02
8.267  0.2187E+01  0.3379E+02
8.333  0.3240E+01  0.3401E+02
8.400  0.5061E+01  0.3435E+02
8.467  0.1983E+01  0.3448E+02
8.533  0.9513E+00  0.3454E+02
8.600  0.1030E+00  0.3455E+02
8.667  0.1659E+01  0.3466E+02
8.733  0.2956E+01  0.3486E+02
8.800  0.1350E+01  0.3495E+02
8.867  0.3925E+01  0.3521E+02
8.933  0.2095E+01  0.3535E+02
9.000  0.3976E+01  0.3561E+02
9.067  0.4555E+01  0.3592E+02
9.133  0.2130E+01  0.3606E+02
9.200  0.1893E+01  0.3619E+02
9.267  0.3419E+01  0.3641E+02
9.333  0.1573E+01  0.3652E+02
9.400  0.2490E+01  0.3669E+02
9.467  0.3452E+01  0.3692E+02
9.533  0.2433E+01  0.3708E+02
9.600  0.4197E+01  0.3736E+02
9.667  0.4166E+01  0.3764E+02
9.733  0.3313E+01  0.3786E+02
9.800  0.4587E+01  0.3816E+02
9.867  0.6024E+01  0.3856E+02
9.933  0.1526E+01  0.3867E+02
10.000  0.2047E+01  0.3880E+02
